0.657719

0.624916

0.594535

0.566381

0.540274

0.516044

0.493535

0.472601

0.45311

0.434942

0.417984

0.402137

0.387308

0.373415

0.36038

0.348136

0.33662

0.325774

0.315547

0.305892

0.296766

0.288131

0.279949

0.27219

0.264823

0.257822

0.25116

0.244816

0.238769

0.232999

0.227488

0.222221

0.217182

0.212358

0.207735

0.203302

0.199047

0.194961

0.191034

0.187258

0.183623

0.180123

0.176751

0.173499

0.170362

0.167333

0.164408

0.161582

0.158849

0.156205

0.153645

0.151167

0.148767

0.14644

0.144183

0.141994

0.139869

0.137807

0.135803

0.133856

0.131964

0.130123

0.128333

0.12659

0.124894

0.123242

0.121633

0.120066

0.118537

0.117047

0.115593

0.114175

0.112791

0.11144

0.110121

0.108832

0.107573

0.106342

0.10514

0.103964

0.102814

0.101689

0.100588

0.0995107

0.0984561

0.0974236

0.0964124

0.095422

0.0944516

0.0935008

0.0925688

0.0916552

0.0907593

0.0898808

0.0890192

0.0881738

0.0873443

0.0865303

0.0857313

0.0849469

0.0841767

0.0834203

0.0826774

0.0819476

0.0812305

0.0805259

0.0798335

0.0791528

0.0784836

0.0778257

0.0771787

0.0765424

0.0759164

0.0753007

0.0746949

0.0740987

0.073512

0.0729345

0.072366

0.0718064

0.0712553

0.0707126

0.0701782

0.0696518

0.0691332

0.0686223

0.068119

0.0676229

0.0671341

0.0666523

0.0661774

0.0657092

0.0652476

0.0647924

0.0643436

0.0639009

0.0634644

0.0630337

0.0626089

0.0621898

0.0617763

0.0613682

0.0609655

0.0605681

0.0601759

0.0597887

0.0594065

0.0590291

0.0586566

0.0582887

0.0579254

0.0575666

0.0572123

0.0568623

0.0565166

0.0561751

0.0558377

0.0555043

0.0551749

0.0548494

0.0545278

0.0542099

0.0538957

0.0535851

0.0532781

0.0529746

0.0526746

0.052378

0.0520847

0.0517946

0.0515078

0.0512242

0.0509437

0.0506663

0.0503918

0.0501204

0.0498519

0.0495862

0.0493234

0.0490633

0.048806

0.0485514

0.0482994

0.0480501

0.0478033

0.0475591

0.0473173

0.047078

0.0468412

0.0466067

0.0463745

0.0461447

0.0459172

0.0456918

0.0454687

0.0452478

0.045029

0.0448124

0.0445978

0.0443853

0.0441748

0.0439663

0.0437598

0.0435552

0.0433525

0.0431517

0.0429528

0.0427557

0.0425604

0.0423669

0.0421751

0.0419851

0.0417968

0.0416102

0.0414253

0.041242

0.0410603

0.0408803

0.0407018

0.0405249

0.0403495

0.0401756

0.0400032

0.0398323

0.0396629

0.0394949

0.0393284

0.0391632

0.0389994

0.038837

0.038676

0.0385163

0.0383579

0.0382008

0.038045

0.0378905

0.0377372

0.0375852

0.0374344

0.0372848

0.0371364

0.0369892

0.0368432

0.0366983

0.0365546

0.0364119

0.0362704

0.03613

0.0359907

0.0358525

0.0357153

0.0355792

0.0354441

0.0353101

0.035177

0.035045

0.034914

0.0347839

0.0346548

0.0345267

0.0343995

0.0342733

0.034148

0.0340236

0.0339001

0.0337775

0.0336558

0.033535

0.033415

0.0332959

0.0331777

0.0330603

0.0329437

0.032828

0.032713

0.0325989

0.0324856

0.032373

0.0322613

0.0321503

0.0320401

0.0319306

0.0318219

0.031714

0.0316067

0.0315002

0.0313944

0.0312894

0.031185

0.0310813

0.0309783

0.030876

0.0307744

0.0306735

0.0305732

0.0304735

0.0303746

0.0302762

0.0301785

0.0300815

0.029985

0.0298892

0.029794

0.0296994

0.0296054

0.029512

0.0294192

0.029327

0.0292354

0.0291443

0.0290538

0.0289639

0.0288745

0.0287857

0.0286974

0.0286097

0.0285225

0.0284358

0.0283497

0.0282641

0.028179

0.0280944

0.0280103

0.0279268

0.0278437

0.0277611

0.0276791

0.0275975

0.0275164

0.0274357

0.0273556

0.0272759

0.0271967

0.0271179

0.0270396

0.0269617

0.0268844

0.0268074

0.0267309

0.0266548

0.0265792

0.026504

0.0264292

0.0263548

0.0262809

0.0262074

0.0261343

0.0260616

0.0259893

0.0259174

0.0258459

0.0257748

0.0257041

0.0256338

0.0255638

0.0254943

0.0254251

0.0253563

0.0252879

0.0252198

0.0251522

0.0250849

0.0250179

0.0249513

0.0248851

0.0248192

0.0247536

0.0246884

0.0246236

0.0245591

0.0244949

0.0244311

0.0243676

0.0243044

0.0242416

0.0241791

0.0241169

0.0240551

0.0239935

0.0239323

0.0238714

0.0238108

0.0237505

0.0236905

0.0236308

0.0235714

0.0235123

0.0234535

0.023395

0.0233368

0.0232789

0.0232213

0.023164

0.0231069

0.0230502

0.0229937

0.0229375

0.0228815

0.0228259

0.0227705

0.0227153

0.0226605

0.0226059

0.0225516

0.0224975

0.0224437

0.0223902

0.0223369

0.0222839

0.0222311

0.0221786

0.0221263

0.0220743

0.0220225

0.0219709

0.0219196

0.0218686

0.0218178

0.0217672

0.0217168

0.0216667

0.0216168

0.0215672

0.0215178

0.0214686

0.0214196

0.0213708

0.0213223

0.021274

0.0212259

0.0211781

0.0211304

0.021083

0.0210358

0.0209888

0.020942

0.0208954

0.020849

0.0208029

0.0207569

0.0207111

0.0206656

0.0206202

0.0205751

0.0205301

0.0204853

0.0204408

0.0203964

0.0203522

0.0203082

0.0202644

0.0202208

0.0201774

0.0201342

0.0200912

0.0200483

0.0200056

0.0199631

0.0199208

0.0198787

0.0198367

0.019795

0.0197534

0.0197119

0.0196707

0.0196296

0.0195887

0.019548

0.0195074

0.019467

0.0194268

0.0193867

0.0193469

0.0193071

0.0192676

0.0192282

0.0191889

0.0191498

0.0191109

0.0190722

0.0190336

0.0189951

0.0189568

0.0189187

0.0188807

0.0188429

0.0188052

0.0187677

0.0187303

0.0186931

0.018656

0.0186191

0.0185823

0.0185457

0.0185092

0.0184729

0.0184367

0.0184006

0.0183647

0.0183289

0.0182933

0.0182578

0.0182224

0.0181872

0.0181521

0.0181172

0.0180823

0.0180477

0.0180131

0.0179787

0.0179444

0.0179103

0.0178762

0.0178424

0.0178086

0.017775

0.0177415

0.0177081

0.0176748

0.0176417

0.0176087

0.0175758

0.0175431

0.0175104

0.0174779

0.0174455

0.0174133

0.0173811

0.0173491

0.0173172

0.0172854

0.0172537

0.0172222

0.0171907

0.0171594

0.0171282

0.0170971

0.0170661

0.0170352

0.0170045

0.0169738

0.0169433

0.0169128

0.0168825

0.0168523

0.0168222

0.0167922

0.0167623

0.0167326

0.0167029

0.0166733

0.0166439

0.0166145

0.0165853

0.0165561

0.0165271

0.0164981

0.0164693

0.0164405

0.0164119

0.0163834

0.0163549

0.0163266

0.0162983

0.0162702

0.0162421

0.0162142

0.0161863

0.0161586

0.0161309

0.0161034

0.0160759

0.0160485

0.0160212

0.015994

0.0159669

0.0159399

0.015913

0.0158862

0.0158595

0.0158328

0.0158063

0.0157798

0.0157534

0.0157272

0.015701

0.0156749

0.0156488

0.0156229

0.0155971

0.0155713

0.0155456

0.01552

0.0154945

0.0154691

0.0154438

0.0154185

0.0153933

0.0153682

0.0153432

0.0153183

0.0152935

0.0152687

0.015244

0.0152194

0.0151949

0.0151704

0.0151461

0.0151218

0.0150976

0.0150735

0.0150494

0.0150254

0.0150015

0.0149777

0.014954

0.0149303

0.0149067

0.0148832

0.0148597

0.0148364

0.0148131

0.0147898

0.0147667

0.0147436

0.0147206

0.0146977

0.0146748

0.014652

0.0146293

0.0146066

0.0145841

0.0145616

0.0145391

0.0145167

0.0144944

0.0144722

0.0144501

0.014428

0.0144059

0.014384

0.0143621

0.0143403

0.0143185

0.0142968

0.0142752

0.0142536

0.0142321

0.0142107

0.0141893

0.014168

0.0141468

0.0141256

0.0141045

0.0140835

0.0140625

0.0140416

0.0140207

0.0139999

0.0139792

0.0139585

0.0139379

0.0139174

0.0138969

0.0138764

0.0138561

0.0138358

0.0138155

0.0137953

0.0137752

0.0137551

0.0137351

0.0137152

0.0136953

0.0136755

0.0136557

0.013636

0.0136163

0.0135967

0.0135771

0.0135576

0.0135382

0.0135188

0.0134995

0.0134802

0.013461

0.0134419

0.0134228

0.0134037

0.0133847

0.0133658

0.0133469

0.0133281

0.0133093

0.0132905

0.0132719

0.0132533

0.0132347

0.0132162

0.0131977

0.0131793

0.0131609

0.0131426

0.0131244

0.0131062

0.013088

0.0130699

0.0130518

0.0130338

0.0130159

0.012998

0.0129801

0.0129623

0.0129445

0.0129268

0.0129092

0.0128916

0.012874

0.0128565

0.012839

0.0128216

0.0128042

0.0127869

0.0127696

0.0127524

0.0127352

0.0127181

0.012701

0.0126839

0.0126669

0.01265

0.0126331

0.0126162

0.0125994

0.0125826

0.0125659

0.0125492

0.0125326

0.012516

0.0124994

0.0124829

0.0124664

0.01245

0.0124337

0.0124173

0.012401

0.0123848

0.0123686

0.0123524

0.0123363

0.0123202

0.0123042

0.0122882

0.0122723

0.0122563

0.0122405

0.0122247

0.0122089

0.0121931

0.0121774

0.0121618

0.0121461

0.0121306

0.012115

0.0120995

0.0120841

0.0120686

0.0120533

0.0120379

0.0120226

0.0120073

0.0119921

0.0119769

0.0119618

0.0119467

0.0119316

0.0119166

0.0119016

0.0118866

0.0118717

0.0118568

0.011842

0.0118272

0.0118124

0.0117977

0.011783

0.0117683

0.0117537

0.0117391

0.0117245

0.01171

0.0116956

0.0116811

0.0116667

0.0116523

0.011638

0.0116237

0.0116094

0.0115952

0.011581

0.0115669

0.0115527

0.0115387

0.0115246

0.0115106

0.0114966

0.0114826

0.0114687

0.0114548

0.011441

0.0114272

0.0114134

0.0113997

0.0113859

0.0113723

0.0113586

0.011345

0.0113314

0.0113179

0.0113043

0.0112908

0.0112774

0.011264

0.0112506

0.0112372

0.0112239

0.0112106

0.0111973

0.0111841

0.0111709

0.0111577

0.0111446

0.0111315

0.0111184

0.0111054

0.0110924

0.0110794

0.0110664

0.0110535

0.0110406

0.0110278

0.0110149

0.0110021

0.0109894

0.0109766

0.0109639

0.0109512

0.0109386

0.010926

0.0109134

0.0109008

0.0108883

0.0108758

0.0108633

0.0108508

0.0108384

0.010826

0.0108137

0.0108013

0.010789

0.0107767

0.0107645

0.0107523

0.0107401

0.0107279

0.0107158

0.0107037

0.0106916

0.0106795

0.0106675

0.0106555

0.0106435

0.0106316

0.0106196

0.0106077

0.0105959

0.010584

0.0105722

0.0105604

0.0105487

0.0105369

0.0105252

0.0105136

0.0105019

0.0104903

0.0104787

0.0104671

0.0104555

0.010444

0.0104325

0.010421

0.0104096

0.0103981

0.0103867

0.0103754

0.010364

0.0103527

0.0103414

0.0103301

0.0103189

0.0103076

0.0102964

0.0102853

0.0102741

0.010263

0.0102519

0.0102408

0.0102297

0.0102187

0.0102077

0.0101967

0.0101858

0.0101748

0.0101639

0.010153

0.0101422

0.0101313

0.0101205

0.0101097

0.0100989

0.0100882

0.0100774

0.0100667

0.0100561

0.0100454

0.0100348

0.0100242

0.0100136

0.010003

0.00999245

0.00998193

0.00997143

0.00996095

0.00995049

0.00994006

0.00992964

0.00991925

0.00990888

0.00989854

0.00988821

0.00987791

0.00986763

0.00985737

0.00984713

0.00983691

0.00982671

0.00981654

0.00980638

0.00979625

0.00978614

0.00977605

0.00976598

0.00975593

0.0097459

0.00973589

0.0097259

0.00971594

0.00970599

0.00969607

0.00968616

0.00967628

0.00966641

0.00965657

0.00964674

0.00963694

0.00962715

0.00961739

0.00960765

0.00959792

0.00958822

0.00957853

0.00956887

0.00955922

0.0095496

0.00953999

0.0095304

0.00952083

0.00951129

0.00950176

0.00949225

0.00948276

0.00947328

0.00946383

0.0094544

0.00944498

0.00943559

0.00942621

0.00941685

0.00940751

0.00939819

0.00938889

0.0093796

0.00937034

0.00936109

0.00935186

0.00934265

0.00933346

0.00932428

0.00931513

0.00930599

0.00929687

0.00928777

0.00927868

0.00926962

0.00926057

0.00925154

0.00924252

0.00923353

0.00922455

0.00921559

0.00920665

0.00919772

0.00918881

0.00917992

0.00917105

0.00916219

0.00915335

0.00914453

0.00913573

0.00912694

0.00911817

0.00910942

0.00910068

0.00909196

0.00908326

0.00907457

0.0090659

0.00905725

0.00904861

0.00903999

0.00903139

0.0090228

0.00901423

0.00900568

0.00899714

0.00898862

0.00898011

0.00897162

0.00896315

0.00895469

0.00894625

0.00893782

0.00892942

0.00892102

0.00891265

0.00890428

0.00889594

0.00888761

0.00887929

0.008871

0.00886271

0.00885444

0.00884619

0.00883796

0.00882973

0.00882153

0.00881334

0.00880516

0.008797

0.00878886

0.00878073

0.00877261

0.00876451

0.00875643

0.00874836

0.00874031

0.00873227

0.00872424

0.00871623

0.00870824

0.00870026

0.00869229

0.00868434

0.0086764

0.00866848

0.00866057

0.00865268

0.0086448

0.00863694

0.00862909

0.00862126

0.00861343

0.00860563

0.00859784

0.00859006

0.00858229

0.00857454

0.00856681

0.00855909

0.00855138

0.00854368

0.008536

0.00852834

0.00852069

0.00851305

0.00850542

0.00849781

0.00849021

0.00848263

0.00847506

0.0084675

0.00845996

0.00845243

0.00844492

0.00843741

0.00842992

0.00842245

0.00841499

0.00840754

0.0084001

0.00839268

0.00838527

0.00837787

0.00837049

0.00836312

0.00835576

0.00834842

0.00834109

0.00833377

0.00832646

0.00831917

0.00831189

0.00830462

0.00829737

0.00829013

0.0082829

0.00827568

0.00826848

0.00826129

0.00825411

0.00824695

0.00823979

0.00823265

0.00822552

0.00821841

0.00821131

0.00820421

0.00819714

0.00819007

0.00818302

0.00817597

0.00816894

0.00816193

0.00815492

0.00814793

0.00814095

0.00813398

0.00812702

0.00812007

0.00811314

0.00810622

0.00809931

0.00809241

0.00808552

0.00807865

0.00807179

0.00806494

0.0080581

0.00805127

0.00804445

0.00803765

0.00803086

0.00802408

0.00801731

0.00801055

0.0080038

0.00799707

0.00799034

0.00798363

0.00797693

0.00797024

0.00796356

0.00795689

0.00795024

0.00794359

0.00793696

0.00793034

0.00792372

0.00791712

0.00791053

0.00790396

0.00789739

0.00789083

0.00788429

0.00787775

0.00787123

0.00786471

0.00785821

0.00785172

0.00784524

0.00783877

0.00783231

0.00782586

0.00781943

0.007813

0.00780658

0.00780018

0.00779378

0.0077874

0.00778102

0.00777466

0.00776831

0.00776196

0.00775563

0.00774931

0.007743

0.0077367

0.00773041

0.00772413

0.00771785

0.00771159

0.00770534

0.0076991

0.00769288

0.00768666

0.00768045

0.00767425

0.00766806

0.00766188

0.00765571

0.00764955

0.0076434

0.00763726

0.00763113

0.00762501

0.0076189

0.0076128

0.00760671

0.00760063

0.00759456

0.0075885

0.00758245

0.00757641

0.00757038

0.00756436

0.00755834

0.00755234

0.00754635

0.00754036

0.00753439

0.00752843

0.00752247

0.00751652

0.00751059

0.00750466

0.00749874

0.00749284

0.00748694

0.00748105

0.00747517

0.0074693

0.00746344

0.00745758

0.00745174

0.00744591

0.00744008

0.00743427

0.00742846

0.00742266

0.00741688

0.0074111

0.00740533

0.00739957

0.00739381

0.00738807

0.00738234

0.00737661

0.0073709

0.00736519

0.00735949

0.0073538

0.00734812

0.00734245

0.00733679

0.00733113

0.00732549

0.00731985

0.00731422

0.0073086

0.00730299

0.00729739

0.0072918

0.00728621

0.00728064

0.00727507

0.00726951

0.00726396

0.00725842

0.00725288

0.00724736

0.00724184

0.00723634

0.00723084

0.00722534

0.00721986

0.00721439

0.00720892

0.00720346

0.00719801

0.00719257

0.00718714

0.00718172

0.0071763

0.00717089

0.00716549

0.0071601

0.00715472

0.00714934

0.00714397

0.00713861

0.00713326

0.00712792

0.00712258

0.00711726

0.00711194

0.00710663

0.00710132

0.00709603

0.00709074

0.00708546

0.00708019

0.00707493

0.00706967

0.00706442

0.00705918

0.00705395

0.00704873

0.00704351

0.0070383

0.0070331

0.00702791

0.00702272

0.00701754

0.00701237

0.00700721

0.00700205

0.00699691

0.00699177

0.00698663

0.00698151

0.00697639

0.00697128

0.00696618

0.00696109

0.006956

0.00695092

0.00694585

0.00694078

0.00693573

0.00693068

0.00692563

0.0069206

0.00691557

0.00691055

0.00690554

0.00690053

0.00689553

0.00689054

0.00688556

0.00688058

0.00687561

0.00687065

0.00686569

0.00686075

0.00685581

0.00685087

0.00684595

0.00684103

0.00683611

0.00683121

0.00682631

0.00682142

0.00681654

0.00681166

0.00680679

0.00680193

0.00679707

0.00679222

0.00678738

0.00678254

0.00677772

0.0067729

0.00676808

0.00676327

0.00675847

0.00675368

0.00674889

0.00674411

0.00673934

0.00673457

0.00672981

0.00672506

0.00672031

0.00671557

0.00671084

0.00670612

0.0067014

0.00669668

0.00669198

0.00668728

0.00668259

0.0066779

0.00667322

0.00666855

0.00666388

0.00665922

0.00665457

0.00664992

0.00664528

0.00664065

0.00663602

0.0066314

0.00662679

0.00662218

0.00661758

0.00661298

0.00660839

0.00660381

0.00659924

0.00659467

0.0065901

0.00658555

0.006581

0.00657645

0.00657191

0.00656738

0.00656286

0.00655834

0.00655383

0.00654932

0.00654482

0.00654033

0.00653584

0.00653136

0.00652688

0.00652241

0.00651795

0.00651349

0.00650904

0.0065046

0.00650016

0.00649573

0.0064913

0.00648688

0.00648247

0.00647806

0.00647366

0.00646926

0.00646487

0.00646048

0.00645611

0.00645173

0.00644737

0.00644301

0.00643865

0.0064343

0.00642996

0.00642563

0.00642129

0.00641697

0.00641265

0.00640834

0.00640403

0.00639973

0.00639543

0.00639114

0.00638686

0.00638258

0.00637831

0.00637404

0.00636978

0.00636552

0.00636127

0.00635703

0.00635279

0.00634856

0.00634433

0.00634011

0.00633589

0.00633168

0.00632748

0.00632328

0.00631909

0.0063149

0.00631072

0.00630654

0.00630237

0.00629821

0.00629405

0.00628989

0.00628574

0.0062816

0.00627746

0.00627333

0.0062692

0.00626508

0.00626096

0.00625685

0.00625275

0.00624865

0.00624455

0.00624047

0.00623638

0.0062323

0.00622823

0.00622416

0.0062201

0.00621604

0.00621199

0.00620795

0.00620391

0.00619987

0.00619584

0.00619181

0.00618779

0.00618378

0.00617977

0.00617577

0.00617177

0.00616777

0.00616379

0.0061598

0.00615582

0.00615185

0.00614788

0.00614392

0.00613996

0.00613601

0.00613206

0.00612812

0.00612418

0.00612025

0.00611633

0.0061124

0.00610849

0.00610457

0.00610067

0.00609677

0.00609287

0.00608898

0.00608509

0.00608121

0.00607733

0.00607346

0.00606959

0.00606573

0.00606188

0.00605802

0.00605418

0.00605033

0.0060465

0.00604266

0.00603884

0.00603501

0.0060312

0.00602738

0.00602358

0.00601977

0.00601597

0.00601218

0.00600839

0.00600461

0.00600083

0.00599705

0.00599328

0.00598952

0.00598576

0.005982

0.00597825

0.00597451

0.00597077

0.00596703

0.0059633

0.00595957

0.00595585

0.00595213

0.00594842

0.00594471

0.00594101

0.00593731

0.00593361

0.00592992

0.00592624

0.00592256

0.00591888

0.00591521

0.00591154

0.00590788

0.00590422

0.00590057

0.00589692

0.00589328

0.00588964

0.005886

0.00588237

0.00587874

0.00587512

0.00587151

0.00586789

0.00586428

0.00586068

0.00585708

0.00585349

0.0058499

0.00584631

0.00584273

0.00583915

0.00583558

0.00583201

0.00582845

0.00582489

0.00582133

0.00581778

0.00581423

0.00581069

0.00580715

0.00580362

0.00580009

0.00579657

0.00579305

0.00578953

0.00578602

0.00578251

0.00577901

0.00577551

0.00577201

0.00576852

0.00576504

0.00576155

0.00575808

0.0057546

0.00575113

0.00574767

0.00574421

0.00574075

0.0057373

0.00573385

0.0057304

0.00572696

0.00572353

0.0057201

0.00571667

0.00571324

0.00570982

0.00570641

0.005703

0.00569959

0.00569619

0.00569279

0.00568939

0.005686

0.00568262

0.00567923

0.00567585

0.00567248

0.00566911

0.00566574

0.00566238

0.00565902

0.00565567

0.00565232

0.00564897

0.00564563

0.00564229

0.00563895

0.00563562

0.0056323

0.00562897

0.00562565

0.00562234

0.00561903

0.00561572

0.00561242

0.00560912

0.00560582

0.00560253

0.00559924

0.00559596

0.00559268

0.0055894

0.00558613

0.00558286

0.0055796

0.00557634

0.00557308

0.00556983

0.00556658

0.00556334

0.00556009

0.00555686

0.00555362

0.00555039

0.00554717

0.00554394

0.00554072

0.00553751

0.0055343

0.00553109

0.00552789

0.00552469

0.00552149

0.0055183

0.00551511

0.00551192

0.00550874

0.00550556

0.00550239

0.00549922

0.00549605

0.00549289

0.00548973

0.00548657

0.00548342

0.00548027

0.00547713

0.00547399

0.00547085

0.00546771

0.00546458

0.00546146

0.00545833

0.00545521

0.0054521

0.00544898

0.00544588

0.00544277

0.00543967

0.00543657

0.00543348

0.00543038

0.0054273

0.00542421

0.00542113

0.00541805

0.00541498

0.00541191

0.00540884

0.00540578

0.00540272

0.00539967

0.00539661

0.00539356

0.00539052

0.00538748

0.00538444

0.0053814

0.00537837

0.00537534

0.00537232

0.00536929

0.00536628

0.00536326

0.00536025

0.00535724

0.00535424

0.00535124

0.00534824

0.00534524

0.00534225

0.00533926

0.00533628

0.0053333

0.00533032

0.00532735

0.00532438

0.00532141

0.00531844

0.00531548

0.00531253

0.00530957

0.00530662

0.00530367

0.00530073

0.00529779

0.00529485

0.00529191

0.00528898

0.00528605

0.00528313

0.00528021

0.00527729

0.00527437

0.00527146

0.00526855

0.00526565

0.00526275

0.00525985

0.00525695

0.00525406

0.00525117

0.00524828

0.0052454

0.00524252

0.00523964

0.00523677

0.0052339

0.00523103

0.00522817

0.00522531

0.00522245

0.0052196

0.00521674

0.0052139

0.00521105

0.00520821

0.00520537

0.00520253

0.0051997

0.00519687

0.00519404

0.00519122

0.0051884

0.00518558

0.00518277

0.00517996

0.00517715

0.00517434

0.00517154

0.00516874

0.00516595

0.00516316

0.00516037

0.00515758

0.00515479

0.00515201

0.00514924

0.00514646

0.00514369

0.00514092

0.00513816

0.00513539

0.00513263

0.00512988

0.00512712

0.00512437

0.00512162

0.00511888

0.00511614

0.0051134

0.00511066

0.00510793

0.0051052

0.00510247

0.00509975

0.00509703

0.00509431

0.00509159

0.00508888

0.00508617

0.00508346

0.00508076

0.00507806

0.00507536

0.00507267

0.00506997

0.00506728

0.0050646

0.00506191

0.00505923

0.00505655

0.00505388

0.00505121

0.00504854

0.00504587

0.00504321

0.00504055

0.00503789

0.00503523

0.00503258

0.00502993

0.00502728

0.00502464

0.005022

0.00501936

0.00501672

0.00501409

0.00501146

0.00500883

0.00500621

0.00500359

0.00500097

0.00499835

0.00499574

0.00499313

0.00499052

0.00498791

0.00498531

0.00498271

0.00498011

0.00497752

0.00497493

0.00497234

0.00496975

0.00496717

0.00496459

0.00496201

0.00495943

0.00495686

0.00495429

0.00495172

0.00494916

0.00494659

0.00494403

0.00494148

0.00493892

0.00493637

0.00493382

0.00493128

0.00492873

0.00492619

0.00492365

0.00492112

0.00491858

0.00491605

0.00491353

0.004911

0.00490848

0.00490596

0.00490344

0.00490093

0.00489841

0.0048959

0.0048934

0.00489089

0.00488839

0.00488589

0.00488339

0.0048809

0.00487841

0.00487592

0.00487343

0.00487095

0.00486847

0.00486599

0.00486351

0.00486104

0.00485857

0.0048561

0.00485363

0.00485117

0.00484871

0.00484625

0.00484379

0.00484134

0.00483889

0.00483644

0.00483399

0.00483155

0.00482911

0.00482667

0.00482423

0.0048218

0.00481937

0.00481694

0.00481451

0.00481209

0.00480967

0.00480725

0.00480483

0.00480242

0.0048

0.00479759

0.00479519

0.00479278

0.00479038

0.00478798

0.00478558

0.00478319

0.0047808

0.00477841

0.00477602

0.00477363

0.00477125

0.00476887

0.00476649

0.00476412

0.00476174

0.00475937

0.004757

0.00475464

0.00475227

0.00474991

0.00474755

0.0047452

0.00474284

0.00474049

0.00473814

0.00473579

0.00473345

0.00473111

0.00472877

0.00472643

0.00472409

0.00472176

0.00471943

0.0047171

0.00471477

0.00471245

0.00471013

0.00470781

0.00470549

0.00470318

0.00470086

0.00469855

0.00469624

0.00469394

0.00469164

0.00468933

0.00468704

0.00468474

0.00468244

0.00468015

0.00467786

0.00467557

0.00467329

0.00467101

0.00466872

0.00466645

0.00466417

0.0046619

0.00465962

0.00465735

0.00465509

0.00465282

0.00465056

0.0046483

0.00464604

0.00464378

0.00464153

0.00463928

0.00463703

0.00463478

0.00463253

0.00463029

0.00462805

0.00462581

0.00462357

0.00462134

0.0046191

0.00461687

0.00461465

0.00461242

0.0046102

0.00460798

0.00460576

0.00460354

0.00460132

0.00459911

0.0045969

0.00459469

0.00459248

0.00459028

0.00458808

0.00458588

0.00458368

0.00458148

0.00457929

0.0045771

0.00457491

0.00457272

0.00457053

0.00456835

0.00456617

0.00456399

0.00456181

0.00455964

0.00455747

0.00455529

0.00455313

0.00455096

0.00454879

0.00454663

0.00454447

0.00454231

0.00454016

0.004538

0.00453585

0.0045337

0.00453155

0.00452941

0.00452726

0.00452512

0.00452298

0.00452084

0.00451871

0.00451657

0.00451444

0.00451231

0.00451018

0.00450806

0.00450593

0.00450381

0.00450169

0.00449957

0.00449746

0.00449534

0.00449323

0.00449112

0.00448901

0.00448691

0.0044848

0.0044827

0.0044806

0.0044785

0.00447641

0.00447431

0.00447222

0.00447013

0.00446804

0.00446596

0.00446387

0.00446179

0.00445971

0.00445763

0.00445556

0.00445348

0.00445141

0.00444934

0.00444727

0.00444521

0.00444314

0.00444108

0.00443902

0.00443696

0.0044349

0.00443285

0.00443079

0.00442874

0.00442669

0.00442464

0.0044226

0.00442056

0.00441851

0.00441647

0.00441444

0.0044124

0.00441037

0.00440833

0.0044063

0.00440427

0.00440225

0.00440022

0.0043982

0.00439618

0.00439416

0.00439214

0.00439013

0.00438811

0.0043861

0.00438409

0.00438208

0.00438008

0.00437807

0.00437607

0.00437407

0.00437207

0.00437007

0.00436808

0.00436609

0.00436409

0.0043621

0.00436012

0.00435813

0.00435615

0.00435416

0.00435218

0.00435021

0.00434823

0.00434625

0.00434428

0.00434231

0.00434034

0.00433837

0.0043364

0.00433444

0.00433248

0.00433052

0.00432856

0.0043266

0.00432464

0.00432269

0.00432074

0.00431879

0.00431684

0.00431489

0.00431295

0.00431101

0.00430907

0.00430713

0.00430519

0.00430325

0.00430132

0.00429938

0.00429745

0.00429552

0.0042936

0.00429167

0.00428975

0.00428783

0.00428591

0.00428399

0.00428207

0.00428015

0.00427824

0.00427633

0.00427442

0.00427251

0.0042706

0.0042687

0.0042668

0.0042649

0.004263

0.0042611

0.0042592

0.00425731

0.00425541

0.00425352

0.00425163

0.00424974

0.00424786

0.00424597

0.00424409

0.00424221

0.00424033

0.00423845

0.00423658

0.0042347

0.00423283

0.00423096

0.00422909

0.00422722

0.00422535

0.00422349

0.00422163

0.00421976

0.00421791

0.00421605

0.00421419

0.00421234

0.00421048

0.00420863

0.00420678

0.00420493

0.00420309

0.00420124

0.0041994

0.00419756

0.00419572

0.00419388

0.00419204

0.00419021

0.00418837

0.00418654

0.00418471

0.00418288

0.00418106

0.00417923

0.00417741

0.00417558

0.00417376

0.00417194

0.00417013

0.00416831

0.0041665

0.00416468

0.00416287

0.00416106

0.00415926

0.00415745

0.00415564

0.00415384

0.00415204

0.00415024

0.00414844

0.00414664

0.00414485

0.00414305

0.00414126

0.00413947

0.00413768

0.0041359

0.00413411

0.00413232

0.00413054

0.00412876

0.00412698

0.0041252

0.00412343

0.00412165

0.00411988

0.0041181

0.00411633

0.00411456

0.0041128

0.00411103

0.00410927

0.0041075

0.00410574

0.00410398

0.00410222

0.00410047

0.00409871

0.00409696

0.0040952

0.00409345

0.0040917

0.00408996

0.00408821

0.00408647

0.00408472

0.00408298

0.00408124

0.0040795

0.00407776

0.00407603

0.00407429

0.00407256

0.00407083

0.0040691

0.00406737

0.00406564

0.00406392

0.00406219

0.00406047

0.00405875

0.00405703

0.00405531

0.00405359

0.00405188

0.00405016

0.00404845

0.00404674

0.00404503

0.00404332

0.00404162

0.00403991

0.00403821

0.00403651

0.00403481

0.00403311

0.00403141

0.00402971

0.00402802

0.00402632

0.00402463

0.00402294

0.00402125

0.00401956

0.00401788

0.00401619

0.00401451

0.00401283

0.00401114

0.00400946

0.00400779

0.00400611

0.00400443

0.00400276

0.00400109

0.00399942

0.00399775

0.00399608

0.00399441

0.00399275

0.00399108

0.00398942

0.00398776

0.0039861

0.00398444

0.00398279

0.00398113

0.00397948

0.00397782

0.00397617

0.00397452

0.00397287

0.00397122

0.00396958

0.00396793

0.00396629

0.00396465

0.00396301

0.00396137

0.00395973

0.0039581

0.00395646

0.00395483

0.00395319

0.00395156

0.00394993

0.0039483

0.00394668

0.00394505

0.00394343

0.00394181

0.00394018

0.00393856

0.00393694

0.00393533

0.00393371

0.0039321

0.00393048

0.00392887

0.00392726

0.00392565

0.00392404

0.00392243

0.00392083

0.00391922

0.00391762

0.00391602

0.00391442

0.00391282

0.00391122

0.00390963

0.00390803

0.00390644

0.00390485

0.00390325

0.00390166

0.00390008

0.00389849

0.0038969

0.00389532

0.00389373

0.00389215

0.00389057

0.00388899

0.00388741

0.00388584

0.00388426

0.00388269

0.00388111

0.00387954

0.00387797

0.0038764

0.00387483

0.00387327

0.0038717

0.00387014

0.00386858

0.00386701

0.00386545

0.00386389

0.00386234

0.00386078

0.00385923

0.00385767

0.00385612

0.00385457

0.00385302

0.00385147

0.00384992

0.00384837

0.00384683

0.00384528

0.00384374

0.0038422

0.00384066

0.00383912

0.00383758

0.00383605

0.00383451

0.00383298

0.00383144

0.00382991

0.00382838

0.00382685

0.00382532

0.0038238

0.00382227

0.00382075

0.00381923

0.0038177

0.00381618

0.00381466

0.00381315

0.00381163

0.00381011

0.0038086

0.00380709

0.00380557

0.00380406

0.00380255

0.00380104

0.00379954

0.00379803

0.00379653

0.00379502

0.00379352

0.00379202

0.00379052

0.00378902

0.00378752

0.00378603

0.00378453

0.00378304

0.00378154

0.00378005

0.00377856

0.00377707

0.00377558

0.0037741

0.00377261

0.00377112

0.00376964

0.00376816

0.00376668

0.0037652

0.00376372

0.00376224

0.00376076

0.00375929

0.00375782

0.00375634

0.00375487

0.0037534

0.00375193

0.00375046

0.00374899

0.00374753

0.00374606

0.0037446

0.00374314

0.00374168

0.00374022

0.00373876

0.0037373

0.00373584

0.00373439

0.00373293

0.00373148

0.00373002

0.00372857

0.00372712

0.00372567

0.00372423

0.00372278

0.00372133

0.00371989

0.00371845

0.003717

0.00371556

0.00371412

0.00371268

0.00371125

0.00370981

0.00370838

0.00370694

0.00370551

0.00370408

0.00370264

0.00370121

0.00369979

0.00369836

0.00369693

0.00369551

0.00369408

0.00369266

0.00369124

0.00368982

0.0036884

0.00368698

0.00368556

0.00368414

0.00368273

0.00368131

0.0036799

0.00367849

0.00367708

0.00367567

0.00367426

0.00367285

0.00367144

0.00367004

0.00366863

0.00366723

0.00366583

0.00366442

0.00366302

0.00366162

0.00366023

0.00365883

0.00365743

0.00365604

0.00365464

0.00365325

0.00365186

0.00365047

0.00364908

0.00364769

0.0036463

0.00364492

0.00364353

0.00364215

0.00364076

0.00363938

0.003638

0.00363662

0.00363524

0.00363386

0.00363249

0.00363111

0.00362973

0.00362836

0.00362699

0.00362562

0.00362425

0.00362288

0.00362151

0.00362014

0.00361877

0.00361741

0.00361604

0.00361468

0.00361332

0.00361196

0.0036106

0.00360924

0.00360788

0.00360652

0.00360516

0.00360381

0.00360245

0.0036011

0.00359975

0.0035984

0.00359705

0.0035957

0.00359435

0.003593

0.00359166

0.00359031

0.00358897

0.00358763

0.00358628

0.00358494

0.0035836

0.00358226

0.00358093

0.00357959

0.00357825

0.00357692

0.00357558

0.00357425

0.00357292

0.00357159

0.00357026

0.00356893

0.0035676

0.00356627

0.00356495

0.00356362

0.0035623

0.00356098

0.00355965

0.00355833

0.00355701

0.00355569

0.00355438

0.00355306

0.00355174

0.00355043

0.00354911

0.0035478

0.00354649

0.00354518

0.00354387

0.00354256

0.00354125

0.00353994

0.00353863

0.00353733

0.00353602

0.00353472

0.00353342

0.00353212

0.00353082

0.00352952

0.00352822

0.00352692

0.00352562

0.00352433

0.00352303

0.00352174

0.00352045

0.00351915

0.00351786

0.00351657

0.00351528

0.003514

0.00351271

0.00351142

0.00351014

0.00350885

0.00350757

0.00350629

0.00350501

0.00350372

0.00350244

0.00350117

0.00349989

0.00349861

0.00349734

0.00349606

0.00349479

0.00349351

0.00349224

0.00349097

0.0034897

0.00348843

0.00348716

0.00348589

0.00348463

0.00348336

0.0034821

0.00348083

0.00347957

0.00347831

0.00347705

0.00347579

0.00347453

0.00347327

0.00347201

0.00347076

0.0034695

0.00346825

0.00346699

0.00346574

0.00346449

0.00346324

0.00346199

0.00346074

0.00345949

0.00345824

0.00345699

0.00345575

0.0034545

0.00345326

0.00345202

0.00345078

0.00344953

0.00344829

0.00344705

0.00344582

0.00344458

0.00344334

0.00344211

0.00344087

0.00343964

0.0034384

0.00343717

0.00343594

0.00343471

0.00343348

0.00343225

0.00343102

0.0034298

0.00342857

0.00342735

0.00342612

0.0034249

0.00342368

0.00342245

0.00342123

0.00342001

0.0034188

0.00341758

0.00341636

0.00341514

0.00341393

0.00341271

0.0034115

0.00341029

0.00340908

0.00340786

0.00340665

0.00340544

0.00340424

0.00340303

0.00340182

0.00340062

0.00339941

0.00339821

0.003397

0.0033958

0.0033946

0.0033934

0.0033922

0.003391

0.0033898

0.0033886

0.00338741

0.00338621

0.00338502

0.00338382

0.00338263

0.00338144

0.00338024

0.00337905

0.00337786

0.00337668

0.00337549

0.0033743

0.00337311

0.00337193

0.00337074

0.00336956

0.00336838

0.00336719

0.00336601

0.00336483

0.00336365

0.00336247

0.00336129

0.00336012

0.00335894

0.00335777

0.00335659

0.00335542

0.00335424

0.00335307

0.0033519

0.00335073

0.00334956

0.00334839

0.00334722

0.00334605

0.00334489

0.00334372

0.00334256

0.00334139

0.00334023

0.00333907

0.00333791

0.00333674

0.00333558

0.00333443

0.00333327

0.00333211

0.00333095

0.0033298

0.00332864

0.00332749

0.00332633

0.00332518

0.00332403

0.00332288

0.00332173

0.00332058

0.00331943

0.00331828

0.00331713

0.00331599

0.00331484

0.0033137

0.00331255

0.00331141

0.00331027

0.00330913

0.00330798

0.00330684

0.00330571

0.00330457

0.00330343

0.00330229

0.00330116

0.00330002

0.00329889

0.00329775

0.00329662

0.00329549

0.00329436

0.00329323

0.0032921

0.00329097

0.00328984

0.00328871

0.00328758

0.00328646

0.00328533

0.00328421

0.00328308

0.00328196

0.00328084

0.00327972

0.0032786

0.00327748

0.00327636

0.00327524

0.00327412

0.00327301

0.00327189

0.00327078

0.00326966

0.00326855

0.00326743

0.00326632

0.00326521

0.0032641

0.00326299

0.00326188

0.00326077

0.00325967

0.00325856

0.00325745

0.00325635

0.00325524

0.00325414

0.00325304

0.00325193

0.00325083

0.00324973

0.00324863

0.00324753

0.00324643

0.00324534

0.00324424

0.00324314

0.00324205

0.00324095

0.00323986

0.00323876

0.00323767

0.00323658

0.00323549

0.0032344

0.00323331

0.00323222

0.00323113

0.00323004

0.00322896

0.00322787

0.00322679

0.0032257

0.00322462

0.00322353

0.00322245

0.00322137

0.00322029

0.00321921

0.00321813

0.00321705

0.00321597

0.0032149

0.00321382

0.00321274

0.00321167

0.0032106

0.00320952

0.00320845

0.00320738

0.00320631

0.00320523

0.00320416

0.0032031

0.00320203

0.00320096

0.00319989

0.00319883

0.00319776

0.00319669

0.00319563

0.00319457

0.0031935

0.00319244

0.00319138

0.00319032

0.00318926

0.0031882

0.00318714

0.00318608

0.00318503

0.00318397

0.00318291

0.00318186

0.0031808

0.00317975

0.0031787

0.00317765

0.00317659

0.00317554

0.00317449

0.00317344

0.0031724

0.00317135

0.0031703

0.00316925

0.00316821

0.00316716

0.00316612

0.00316507

0.00316403

0.00316299

0.00316195

0.0031609

0.00315986

0.00315882

0.00315779

0.00315675

0.00315571

0.00315467

0.00315364

0.0031526

0.00315157

0.00315053

0.0031495

0.00314846

0.00314743

0.0031464

0.00314537

0.00314434

0.00314331

0.00314228

0.00314125

0.00314023

0.0031392

0.00313817

0.00313715

0.00313612

0.0031351

0.00313407

0.00313305

0.00313203

0.00313101

0.00312999

0.00312897

0.00312795

0.00312693

0.00312591

0.00312489

0.00312388

0.00312286

0.00312184

0.00312083

0.00311982

0.0031188

0.00311779

0.00311678

0.00311577

0.00311476

0.00311375

0.00311274

0.00311173

0.00311072

0.00310971

0.0031087

0.0031077

0.00310669

0.00310569

0.00310468

0.00310368

0.00310268

0.00310167

0.00310067

0.00309967

0.00309867

0.00309767

0.00309667

0.00309567

0.00309468

0.00309368

0.00309268

0.00309169

0.00309069

0.0030897

0.0030887

0.00308771

0.00308672

0.00308573

0.00308473

0.00308374

0.00308275

0.00308176

0.00308078

0.00307979

0.0030788

0.00307781

0.00307683

0.00307584

0.00307486

0.00307387

0.00307289

0.0030719

0.00307092

0.00306994

0.00306896

0.00306798

0.003067

0.00306602

0.00306504

0.00306406

0.00306309

0.00306211

0.00306113

0.00306016

0.00305918

0.00305821

0.00305723

0.00305626

0.00305529

0.00305432

0.00305335

0.00305238

0.00305141

0.00305044

0.00304947

0.0030485

0.00304753

0.00304657

0.0030456

0.00304463

0.00304367

0.0030427

0.00304174

0.00304078

0.00303981

0.00303885

0.00303789

0.00303693

0.00303597

0.00303501

0.00303405

0.00303309

0.00303214

0.00303118

0.00303022

0.00302927

0.00302831

0.00302736

0.0030264

0.00302545

0.0030245

0.00302355

0.00302259

0.00302164

0.00302069

0.00301974

0.00301879

0.00301784

0.0030169

0.00301595

0.003015

0.00301406

0.00301311

0.00301217

0.00301122

0.00301028

0.00300933

0.00300839

0.00300745

0.00300651

0.00300557

0.00300463

0.00300369

0.00300275

0.00300181

0.00300087

0.00299993

0.002999

0.00299806

0.00299713

0.00299619

0.00299526

0.00299432

0.00299339

0.00299246

0.00299153

0.00299059

0.00298966

0.00298873

0.0029878

0.00298687

0.00298595

0.00298502

0.00298409

0.00298316

0.00298224

0.00298131

0.00298039

0.00297946

0.00297854

0.00297761

0.00297669

0.00297577

0.00297485

0.00297393

0.00297301

0.00297209

0.00297117

0.00297025

0.00296933

0.00296841

0.0029675

0.00296658

0.00296566

0.00296475

0.00296383

0.00296292

0.00296201

0.00296109

0.00296018

0.00295927

0.00295836

0.00295745

0.00295654

0.00295563

0.00295472

0.00295381

0.0029529

0.00295199

0.00295109

0.00295018

0.00294927

0.00294837

0.00294746

0.00294656

0.00294566

0.00294475

0.00294385

0.00294295

0.00294205

0.00294115

0.00294025

0.00293935

0.00293845

0.00293755

0.00293665

0.00293575

0.00293486

0.00293396

0.00293306

0.00293217

0.00293127

0.00293038

0.00292949

0.00292859

0.0029277

0.00292681

0.00292592

0.00292503

0.00292414

0.00292325

0.00292236

0.00292147

0.00292058

0.00291969

0.00291881

0.00291792

0.00291703

0.00291615

0.00291526

0.00291438

0.0029135

0.00291261

0.00291173

0.00291085

0.00290997

0.00290908

0.0029082

0.00290732

0.00290644

0.00290557

0.00290469

0.00290381

0.00290293

0.00290205

0.00290118

0.0029003

0.00289943

0.00289855

0.00289768

0.0028968

0.00289593

0.00289506

0.00289419

0.00289332

0.00289244

0.00289157

0.0028907

0.00288983

0.00288897

0.0028881

0.00288723

0.00288636

0.0028855

0.00288463

0.00288376

0.0028829

0.00288203

0.00288117

0.00288031

0.00287944

0.00287858

0.00287772

0.00287686

0.00287599

0.00287513

0.00287427

0.00287341

0.00287256

0.0028717

0.00287084

0.00286998

0.00286912

0.00286827

0.00286741

0.00286656

0.0028657

0.00286485

0.00286399

0.00286314

0.00286229

0.00286143

0.00286058

0.00285973

0.00285888

0.00285803

0.00285718

0.00285633

0.00285548

0.00285463

0.00285379

0.00285294

0.00285209

0.00285125

0.0028504

0.00284956

0.00284871

0.00284787

0.00284702

0.00284618

0.00284534

0.00284449

0.00284365

0.00284281

0.00284197

0.00284113

0.00284029

0.00283945

0.00283861

0.00283777

0.00283694

0.0028361

0.00283526

0.00283443

0.00283359

0.00283276

0.00283192

0.00283109

0.00283025

0.00282942

0.00282859

0.00282775

0.00282692

0.00282609

0.00282526

0.00282443

0.0028236

0.00282277

0.00282194

0.00282111

0.00282029

0.00281946

0.00281863

0.0028178

0.00281698

0.00281615

0.00281533

0.0028145

0.00281368

0.00281286

0.00281203

0.00281121

0.00281039

0.00280957

0.00280875

0.00280793

0.00280711

0.00280629

0.00280547

0.00280465

0.00280383

0.00280301

0.00280219

0.00280138

0.00280056

0.00279975

0.00279893

0.00279812

0.0027973

0.00279649

0.00279567

0.00279486

0.00279405

0.00279324

0.00279242

0.00279161

0.0027908

0.00278999

0.00278918

0.00278837

0.00278757

0.00278676

0.00278595

0.00278514

0.00278434

0.00278353

0.00278272

0.00278192

0.00278111

0.00278031

0.0027795

0.0027787

0.0027779

0.0027771

0.00277629

0.00277549

0.00277469

0.00277389

0.00277309

0.00277229

0.00277149

0.00277069

0.00276989

0.00276909

0.0027683

0.0027675

0.0027667

0.00276591

0.00276511

0.00276432

0.00276352

0.00276273

0.00276193

0.00276114

0.00276035

0.00275955

0.00275876

0.00275797

0.00275718

0.00275639

0.0027556

0.00275481

0.00275402

0.00275323

0.00275244

0.00275166

0.00275087

0.00275008

0.00274929

0.00274851

0.00274772

0.00274694

0.00274615

0.00274537

0.00274458

0.0027438

0.00274302

0.00274224

0.00274145

0.00274067

0.00273989

0.00273911

0.00273833

0.00273755

0.00273677

0.00273599

0.00273521

0.00273444

0.00273366

0.00273288

0.0027321

0.00273133

0.00273055

0.00272978

0.002729

0.00272823

0.00272745

0.00272668

0.00272591

0.00272513

0.00272436

0.00272359

0.00272282

0.00272205

0.00272128

0.00272051

0.00271974

0.00271897

0.0027182

0.00271743

0.00271666

0.0027159

0.00271513

0.00271436

0.0027136

0.00271283

0.00271207

0.0027113

0.00271054

0.00270977

0.00270901

0.00270825

0.00270748

0.00270672

0.00270596

0.0027052

0.00270444

0.00270368

0.00270292

0.00270216

0.0027014

0.00270064

0.00269988

0.00269912

0.00269836

0.00269761

0.00269685

0.00269609

0.00269534

0.00269458

0.00269383

0.00269307

0.00269232

0.00269157

0.00269081

0.00269006

0.00268931

0.00268855

0.0026878

0.00268705

0.0026863

0.00268555

0.0026848

0.00268405

0.0026833

0.00268255

0.00268181

0.00268106

0.00268031

0.00267956

0.00267882

0.00267807

0.00267733

0.00267658

0.00267584

0.00267509

0.00267435

0.0026736

0.00267286

0.00267212

0.00267137

0.00267063

0.00266989

0.00266915

0.00266841

0.00266767

0.00266693

0.00266619

0.00266545

0.00266471

0.00266397

0.00266324

0.0026625

0.00266176

0.00266102

0.00266029

0.00265955

0.00265882

0.00265808

0.00265735

0.00265661

0.00265588

0.00265515

0.00265441

0.00265368

0.00265295

0.00265222

0.00265149

0.00265076

0.00265002

0.00264929

0.00264856

0.00264784

0.00264711

0.00264638

0.00264565

0.00264492

0.0026442

0.00264347

0.00264274

0.00264202

0.00264129

0.00264056

0.00263984

0.00263912

0.00263839

0.00263767

0.00263694

0.00263622

0.0026355

0.00263478

0.00263406

0.00263333

0.00263261

0.00263189

0.00263117

0.00263045

0.00262973

0.00262901

0.0026283

0.00262758

0.00262686

0.00262614

0.00262543

0.00262471

0.00262399

0.00262328

0.00262256

0.00262185

0.00262113

0.00262042

0.0026197

0.00261899

0.00261828

0.00261757

0.00261685

0.00261614

0.00261543

0.00261472

0.00261401

0.0026133

0.00261259

0.00261188

0.00261117

0.00261046

0.00260975

0.00260904

0.00260834

0.00260763

0.00260692

0.00260622

0.00260551

0.0026048

0.0026041

0.00260339

0.00260269

0.00260199

0.00260128

0.00260058

0.00259988

0.00259917

0.00259847

0.00259777

0.00259707

0.00259637

0.00259567

0.00259497

0.00259427

0.00259357

0.00259287

0.00259217

0.00259147

0.00259077

0.00259007

0.00258938

0.00258868

0.00258798

0.00258729

0.00258659

0.0025859

0.0025852

0.00258451

0.00258381

0.00258312

0.00258242

0.00258173

0.00258104

0.00258035

0.00257965

0.00257896

0.00257827

0.00257758

0.00257689

0.0025762

0.00257551

0.00257482

0.00257413

0.00257344

0.00257275

0.00257207

0.00257138

0.00257069

0.00257

0.00256932

0.00256863

0.00256795

0.00256726

0.00256658

0.00256589

0.00256521

0.00256452

0.00256384

0.00256316

0.00256247

0.00256179

0.00256111

0.00256043

0.00255975

0.00255907

0.00255838

0.0025577

0.00255702

0.00255635

0.00255567

0.00255499

0.00255431

0.00255363

0.00255295

0.00255228

0.0025516

0.00255092

0.00255025

0.00254957

0.00254889

0.00254822

0.00254754

0.00254687

0.0025462

0.00254552

0.00254485

0.00254418

0.0025435

0.00254283

0.00254216

0.00254149

0.00254082

0.00254014

0.00253947

0.0025388

0.00253813

0.00253746

0.0025368

0.00253613

0.00253546

0.00253479

0.00253412

0.00253346

0.00253279

0.00253212

0.00253146

0.00253079

0.00253012

0.00252946

0.00252879

0.00252813

0.00252746

0.0025268

0.00252614

0.00252547

0.00252481

0.00252415

0.00252349

0.00252283

0.00252216

0.0025215

0.00252084

0.00252018

0.00251952

0.00251886

0.0025182

0.00251754

0.00251689

0.00251623

0.00251557

0.00251491

0.00251425

0.0025136

0.00251294

0.00251228

0.00251163

0.00251097

0.00251032

0.00250966

0.00250901

0.00250835

0.0025077

0.00250705

0.00250639

0.00250574

0.00250509

0.00250444

0.00250379

0.00250313

0.00250248

0.00250183

0.00250118

0.00250053

0.00249988

0.00249923

0.00249858

0.00249794

0.00249729

0.00249664

0.00249599

0.00249534

0.0024947

0.00249405

0.0024934

0.00249276

0.00249211

0.00249147

0.00249082

0.00249018

0.00248953

0.00248889

0.00248825

0.0024876

0.00248696

0.00248632

0.00248567

0.00248503

0.00248439

0.00248375

0.00248311

0.00248247

0.00248183

0.00248119

0.00248055

0.00247991

0.00247927

0.00247863

0.00247799

0.00247735

0.00247672

0.00247608

0.00247544

0.00247481

0.00247417

0.00247353

0.0024729

0.00247226

0.00247163

0.00247099

0.00247036

0.00246972

0.00246909

0.00246846

0.00246782

0.00246719

0.00246656

0.00246593

0.0024653

0.00246466

0.00246403

0.0024634

0.00246277

0.00246214

0.00246151

0.00246088

0.00246025

0.00245962

0.002459

0.00245837

0.00245774

0.00245711

0.00245648

0.00245586

0.00245523

0.00245461

0.00245398

0.00245335

0.00245273

0.0024521

0.00245148

0.00245085

0.00245023

0.00244961

0.00244898

0.00244836

0.00244774

0.00244712

0.00244649

0.00244587

0.00244525

0.00244463

0.00244401

0.00244339

0.00244277

0.00244215

0.00244153

0.00244091

0.00244029

0.00243967

0.00243905

0.00243843

0.00243782

0.0024372

0.00243658

0.00243597

0.00243535

0.00243473

0.00243412

0.0024335

0.00243289

0.00243227

0.00243166

0.00243104

0.00243043

0.00242982

0.0024292

0.00242859

0.00242798

0.00242736

0.00242675

0.00242614

0.00242553

0.00242492

0.00242431

0.0024237

0.00242309

0.00242248

0.00242187

0.00242126

0.00242065

0.00242004

0.00241943

0.00241882

0.00241822

0.00241761

0.002417

0.00241639

0.00241579

0.00241518

0.00241458

0.00241397

0.00241336

0.00241276

0.00241215

0.00241155

0.00241095

0.00241034

0.00240974

0.00240914

0.00240853

0.00240793

0.00240733

0.00240673

0.00240612

0.00240552

0.00240492

0.00240432

0.00240372

0.00240312

0.00240252

0.00240192

0.00240132

0.00240072

0.00240012

0.00239953

0.00239893

0.00239833

0.00239773

0.00239714

0.00239654

0.00239594

0.00239535

0.00239475

0.00239415

0.00239356

0.00239296

0.00239237

0.00239178

0.00239118

0.00239059

0.00238999

0.0023894

0.00238881

0.00238821

0.00238762

0.00238703

0.00238644

0.00238585

0.00238526

0.00238466

0.00238407

0.00238348

0.00238289

0.0023823

0.00238171

0.00238113

0.00238054

0.00237995

0.00237936

0.00237877

0.00237818

0.0023776

0.00237701

0.00237642

0.00237584

0.00237525

0.00237466

0.00237408

0.00237349

0.00237291

0.00237232

0.00237174

0.00237115

0.00237057

0.00236999

0.0023694

0.00236882

0.00236824

0.00236765

0.00236707

0.00236649

0.00236591

0.00236533

0.00236475

0.00236417

0.00236359

0.00236301

0.00236243

0.00236185

0.00236127

0.00236069

0.00236011

0.00235953

0.00235895

0.00235837

0.0023578

0.00235722

0.00235664

0.00235607

0.00235549

0.00235491

0.00235434

0.00235376

0.00235319

0.00235261

0.00235204

0.00235146

0.00235089

0.00235031

0.00234974

0.00234917

0.00234859

0.00234802

0.00234745

0.00234688

0.0023463

0.00234573

0.00234516

0.00234459

0.00234402

0.00234345

0.00234288

0.00234231

0.00234174

0.00234117

0.0023406

0.00234003

0.00233946

0.00233889

0.00233833

0.00233776

0.00233719

0.00233662

0.00233606

0.00233549

0.00233492

0.00233436

0.00233379

0.00233323

0.00233266

0.0023321

0.00233153

0.00233097

0.0023304

0.00232984

0.00232927

0.00232871

0.00232815

0.00232758

0.00232702

0.00232646

0.0023259

0.00232534

0.00232477

0.00232421

0.00232365

0.00232309

0.00232253

0.00232197

0.00232141

0.00232085

0.00232029

0.00231973

0.00231917

0.00231862

0.00231806

0.0023175

0.00231694

0.00231639

0.00231583

0.00231527

0.00231471

0.00231416

0.0023136

0.00231305

0.00231249

0.00231194

0.00231138

0.00231083

0.00231027

0.00230972

0.00230916

0.00230861

0.00230806

0.0023075

0.00230695

0.0023064

0.00230585

0.00230529

0.00230474

0.00230419

0.00230364

0.00230309

0.00230254

0.00230199

0.00230144

0.00230089

0.00230034

0.00229979

0.00229924

0.00229869

0.00229814

0.00229759

0.00229704

0.0022965

0.00229595

0.0022954

0.00229485

0.00229431

0.00229376

0.00229321

0.00229267

0.00229212

0.00229158

0.00229103

0.00229049

0.00228994

0.0022894

0.00228885

0.00228831

0.00228777

0.00228722

0.00228668

0.00228614

0.00228559

0.00228505

0.00228451

0.00228397

0.00228343

0.00228289

0.00228234

0.0022818

0.00228126

0.00228072

0.00228018

0.00227964

0.0022791

0.00227856

0.00227802

0.00227749

0.00227695

0.00227641

0.00227587

0.00227533

0.0022748

0.00227426

0.00227372

0.00227319

0.00227265

0.00227211

0.00227158

0.00227104

0.00227051

0.00226997

0.00226944

0.0022689

0.00226837

0.00226783

0.0022673

0.00226676

0.00226623

0.0022657

0.00226517

0.00226463

0.0022641

0.00226357

0.00226304

0.0022625

0.00226197

0.00226144

0.00226091

0.00226038

0.00225985

0.00225932

0.00225879

0.00225826

0.00225773

0.0022572

0.00225667

0.00225614

0.00225562

0.00225509

0.00225456

0.00225403

0.0022535

0.00225298

0.00225245

0.00225192

0.0022514

0.00225087

0.00225034

0.00224982

0.00224929

0.00224877

0.00224824

0.00224772

0.00224719

0.00224667

0.00224615

0.00224562

0.0022451

0.00224458

0.00224405

0.00224353

0.00224301

0.00224249

0.00224196

0.00224144

0.00224092

0.0022404

0.00223988

0.00223936

0.00223884

0.00223832

0.0022378

0.00223728

0.00223676

0.00223624

0.00223572

0.0022352

0.00223468

0.00223416

0.00223364

0.00223313

0.00223261

0.00223209

0.00223157

0.00223106

0.00223054

0.00223002

0.00222951

0.00222899

0.00222848

0.00222796

0.00222745

0.00222693

0.00222642

0.0022259

0.00222539

0.00222487

0.00222436

0.00222385

0.00222333

0.00222282

0.00222231

0.00222179

0.00222128

0.00222077

0.00222026

0.00221975

0.00221923

0.00221872

0.00221821

0.0022177

0.00221719

0.00221668

0.00221617

0.00221566

0.00221515

0.00221464

0.00221413

0.00221362

0.00221312

0.00221261

0.0022121

0.00221159

0.00221108

0.00221058

0.00221007

0.00220956

0.00220906

0.00220855

0.00220804

0.00220754

0.00220703

0.00220653

0.00220602

0.00220552

0.00220501

0.00220451

0.002204

0.0022035

0.00220299

0.00220249

0.00220199

0.00220148

0.00220098

0.00220048

0.00219997

0.00219947

0.00219897

0.00219847

0.00219797

0.00219747

0.00219696

0.00219646

0.00219596

0.00219546

0.00219496

0.00219446

0.00219396

0.00219346

0.00219296

0.00219246

0.00219196

0.00219147

0.00219097

0.00219047

0.00218997

0.00218947

0.00218898

0.00218848

0.00218798

0.00218749

0.00218699

0.00218649

0.002186

0.0021855

0.002185

0.00218451

0.00218401

0.00218352

0.00218302

0.00218253

0.00218204

0.00218154

0.00218105

0.00218055

0.00218006

0.00217957

0.00217907

0.00217858

0.00217809

0.0021776

0.0021771

0.00217661

0.00217612

0.00217563

0.00217514

0.00217465

0.00217416

0.00217367

0.00217318

0.00217269

0.0021722

0.00217171

0.00217122

0.00217073

0.00217024

0.00216975

0.00216926

0.00216877

0.00216828

0.0021678

0.00216731

0.00216682

0.00216633

0.00216585

0.00216536

0.00216487

0.00216439

0.0021639

0.00216342

0.00216293

0.00216244

0.00216196

0.00216147

0.00216099

0.0021605

0.00216002

0.00215954

0.00215905

0.00215857

0.00215808

0.0021576

0.00215712

0.00215664

0.00215615

0.00215567

0.00215519

0.00215471

0.00215422

0.00215374

0.00215326

0.00215278

0.0021523

0.00215182

0.00215134

0.00215086

0.00215038

0.0021499

0.00214942

0.00214894

0.00214846

0.00214798

0.0021475

0.00214702

0.00214655

0.00214607

0.00214559

0.00214511

0.00214463

0.00214416

0.00214368

0.0021432

0.00214273

0.00214225

0.00214177

0.0021413

0.00214082

0.00214035

0.00213987

0.0021394

0.00213892

0.00213845

0.00213797

0.0021375

0.00213702

0.00213655

0.00213608

0.0021356

0.00213513

0.00213466

0.00213418

0.00213371

0.00213324

0.00213277

0.0021323

0.00213182

0.00213135

0.00213088

0.00213041

0.00212994

0.00212947

0.002129

0.00212853

0.00212806

0.00212759

0.00212712

0.00212665

0.00212618

0.00212571

0.00212524

0.00212477

0.0021243

0.00212384

0.00212337

0.0021229

0.00212243

0.00212196

0.0021215

0.00212103

0.00212056

0.0021201

0.00211963

0.00211916

0.0021187

0.00211823

0.00211777

0.0021173

0.00211684

0.00211637

0.00211591

0.00211544

0.00211498

0.00211451

0.00211405

0.00211359

0.00211312

0.00211266

0.0021122

0.00211173

0.00211127

0.00211081

0.00211035

0.00210989

0.00210942

0.00210896

0.0021085

0.00210804

0.00210758

0.00210712

0.00210666

0.0021062

0.00210574

0.00210528

0.00210482

0.00210436

0.0021039

0.00210344

0.00210298

0.00210252

0.00210206

0.0021016

0.00210114

0.00210069

0.00210023

0.00209977

0.00209931

0.00209886

0.0020984

0.00209794

0.00209749

0.00209703

0.00209657

0.00209612

0.00209566

0.00209521

0.00209475

0.0020943

0.00209384

0.00209339

0.00209293

0.00209248

0.00209202

0.00209157

0.00209111

0.00209066

0.00209021

0.00208975

0.0020893

0.00208885

0.0020884

0.00208794

0.00208749

0.00208704

0.00208659

0.00208614

0.00208568

0.00208523

0.00208478

0.00208433

0.00208388

0.00208343

0.00208298

0.00208253

0.00208208

0.00208163

0.00208118

0.00208073

0.00208028

0.00207983

0.00207938

0.00207894

0.00207849

0.00207804

0.00207759

0.00207714

0.0020767

0.00207625

0.0020758

0.00207535

0.00207491

0.00207446

0.00207401

0.00207357

0.00207312

0.00207268

0.00207223

0.00207179

0.00207134

0.0020709

0.00207045

0.00207001

0.00206956

0.00206912

0.00206867

0.00206823

0.00206779

0.00206734

0.0020669

0.00206646

0.00206601

0.00206557

0.00206513

0.00206468

0.00206424

0.0020638

0.00206336

0.00206292

0.00206248

0.00206203

0.00206159

0.00206115

0.00206071

0.00206027

0.00205983

0.00205939

0.00205895

0.00205851

0.00205807

0.00205763

0.00205719

0.00205675

0.00205632

0.00205588

0.00205544

0.002055

0.00205456

0.00205412

0.00205369

0.00205325

0.00205281

0.00205238

0.00205194

0.0020515

0.00205106

0.00205063

0.00205019

0.00204976

0.00204932

0.00204889

0.00204845

0.00204801

0.00204758

0.00204714

0.00204671

0.00204628

0.00204584

0.00204541

0.00204497

0.00204454

0.00204411

0.00204367

0.00204324

0.00204281

0.00204237

0.00204194

0.00204151

0.00204108

0.00204064

0.00204021

0.00203978

0.00203935

0.00203892

0.00203849

0.00203806

0.00203762

0.00203719

0.00203676

0.00203633

0.0020359

0.00203547

0.00203504

0.00203461

0.00203418

0.00203376

0.00203333

0.0020329

0.00203247

0.00203204

0.00203161

0.00203118

0.00203076

0.00203033

0.0020299

0.00202947

0.00202905

0.00202862

0.00202819

0.00202777

0.00202734

0.00202691

0.00202649

0.00202606

0.00202564

0.00202521

0.00202478

0.00202436

0.00202393

0.00202351

0.00202309

0.00202266

0.00202224

0.00202181

0.00202139

0.00202096

0.00202054

0.00202012

0.00201969

0.00201927

0.00201885

0.00201843

0.002018

0.00201758

0.00201716

0.00201674

0.00201632

0.00201589

0.00201547

0.00201505

0.00201463

0.00201421

0.00201379

0.00201337

0.00201295

0.00201253

0.00201211

0.00201169

0.00201127

0.00201085

0.00201043

0.00201001

0.00200959

0.00200917

0.00200875

0.00200833

0.00200792

0.0020075

0.00200708

0.00200666

0.00200624

0.00200583

0.00200541

0.00200499

0.00200458

0.00200416

0.00200374

0.00200333

0.00200291

0.00200249

0.00200208

0.00200166

0.00200125

0.00200083

0.00200042

0.002

0.00199959

0.00199917

0.00199876

0.00199834

0.00199793

0.00199752

0.0019971

0.00199669

0.00199628

0.00199586

0.00199545

0.00199504

0.00199462

0.00199421

0.0019938

0.00199339

0.00199297

0.00199256

0.00199215

0.00199174

0.00199133

0.00199092

0.00199051

0.00199009

0.00198968

0.00198927

0.00198886

0.00198845

0.00198804

0.00198763

0.00198722

0.00198681

0.0019864

0.001986

0.00198559

0.00198518

0.00198477

0.00198436

0.00198395

0.00198354

0.00198314

0.00198273

0.00198232

0.00198191

0.00198151

0.0019811

0.00198069

0.00198029

0.00197988

0.00197947

0.00197907

0.00197866

0.00197825

0.00197785

0.00197744

0.00197704

0.00197663

0.00197623

0.00197582

0.00197542

0.00197501

0.00197461

0.0019742

0.0019738

0.0019734

0.00197299

0.00197259

0.00197218

0.00197178

0.00197138

0.00197098

0.00197057

0.00197017

0.00196977

0.00196936

0.00196896

0.00196856

0.00196816

0.00196776

0.00196736

0.00196695

0.00196655

0.00196615

0.00196575

0.00196535

0.00196495

0.00196455

0.00196415

0.00196375

0.00196335

0.00196295

0.00196255

0.00196215

0.00196175

0.00196135

0.00196095

0.00196056

0.00196016

0.00195976

0.00195936

0.00195896

0.00195857

0.00195817

0.00195777

0.00195737

0.00195698

0.00195658

0.00195618

0.00195578

0.00195539

0.00195499

0.0019546

0.0019542

0.0019538

0.00195341

0.00195301

0.00195262

0.00195222

0.00195183

0.00195143

0.00195104

0.00195064

0.00195025

0.00194985

0.00194946

0.00194906

0.00194867

0.00194828

0.00194788

0.00194749

0.0019471

0.0019467

0.00194631

0.00194592

0.00194553

0.00194513

0.00194474

0.00194435

0.00194396

0.00194357

0.00194317

0.00194278

0.00194239

0.001942

0.00194161

0.00194122

0.00194083

0.00194044

0.00194005

0.00193966

0.00193927

0.00193888

0.00193849

0.0019381

0.00193771

0.00193732

0.00193693

0.00193654

0.00193615

0.00193576

0.00193537

0.00193499

0.0019346

0.00193421

0.00193382

0.00193343

0.00193305

0.00193266

0.00193227

0.00193189

0.0019315

0.00193111

0.00193073

0.00193034

0.00192995

0.00192957

0.00192918

0.00192879

0.00192841

0.00192802

0.00192764

0.00192725

0.00192687

0.00192648

0.0019261

0.00192571

0.00192533

0.00192494

0.00192456

0.00192418

0.00192379

0.00192341

0.00192303

0.00192264

0.00192226

0.00192188

0.00192149

0.00192111

0.00192073

0.00192035

0.00191996

0.00191958

0.0019192

0.00191882

0.00191844

0.00191805

0.00191767

0.00191729

0.00191691

0.00191653

0.00191615

0.00191577

0.00191539

0.00191501

0.00191463

0.00191425

0.00191387

0.00191349

0.00191311

0.00191273

0.00191235

0.00191197

0.00191159

0.00191121

0.00191083

0.00191046

0.00191008

0.0019097

0.00190932

0.00190894

0.00190857

0.00190819

0.00190781

0.00190743

0.00190706

0.00190668

0.0019063

Precision:1
